923042225682
+923066800046
+92 304 3843572
+92 332 3550781
+92 323 3296534
+92 323 3296534
3472700397
3333984000
923360243468
+92 315 7333494
923332314423
+92 304 3202961
+92 321 2100826
0333 3535573
+92 307 2301049
+92 322 2384937
3042993634
923212244550
3222614099
+92 304 7153031
+92 300 2127352
0300 2108384
+92 321 8980701
923134055885
0321 2936273
0332 3200154
0336 2894014
0316 4354208
+92 333 2561997
3333891620
+92 345 0310328
0335 2220108
+92 344 2481605
0340 8359549
0333 3370819
+92 333 3694813
+92 302 8292214
0300 2240180
0300 2293720
+92 309 2584715
+92 346 2677425
+92 332 3227024
3328283926
+92 315 0215537
+92 336 2032296
+92 300 8290232
3452057532
+92 332 0373299
0334 0234187
3332235360
0332 2166444
0300 2522170
+92 322 8430372
+92 324 2424654
+92 322 3471910
+923343783456 ::: +923363783456
0333 3303930
+92 312 1122488
+92 307 8791675
+92 331 2333751
0300 8255428
+923012591345 ::: +923162443699
+92 345 3378003
+92 314 2059977
+92 333 3104762
3433148489
+92 333 3286357
+92 314 2227361
+92 343 2208888
00923422776905 ::: 00 92 342 2776905
+92 333 5219271
3312205579
0300 2234117
+92 319 2919689
+92 315 2251303
3333535563
+92 333 0182311
00 966 56 711 9170
+92 335 0707907
923336529852
0300 2122264
+92 300 8254428
3002726005
+92 317 2414656
+92 334 3403419
+92 333 2585859
00 92 306 0204023
3002265600
+92 300 8232268
+92 300 2253317
0321 2015090
+92 335 3846086
+92 312 2266112
+92 322 2070343
0300 8281103
+92 333 5261510
+92 335 9202400
0313 2223341
0333 2661573
0333 3509219
+92 342 8073274
+92 340 6885407
+92 321 2663688
+971 52 526 0546
3422907742
03348244428 ::: 02132426073
3332907743
+92 346 2818504
+92 335 1318187
+92 347 2499429
+92 321 2062529
+92 322 2656179
03002050461 ::: +923232453366 ::: 0300 2050461
+92 330 2043463
3002408064
3009280398
+92 333 2639017
+92 300 3675098
0300 2774651
+92 303 0025970
+92 311 0015247
+92 340 8375077
923003604581
+44 7525 348936
923452961703
3332384695
+92 301 8274796
+92 314 2073215
0324 2926837
923451182052
0345 3051457
0307 2747074
+92 332 2190885
+92 311 2951497
+92 335 2564345
+92 300 8281470
+92 344 3040442
0333 3686760
+92 345 2606855
+92 345 2233029
3363900640
+92 347 2808223
+92 304 8026423
0347 4374209
+92 346 2770013
923333417811
+92 300 8252375
0333 3061262
0333 3061262
+92 333 3977754
+92 336 8227184
+92 312 2378168
0332 8240823
923213109734
0321 2104021
0311 8276797
3322486373
+92 332 3406137
3332138215
0331 5111222
+92 331 2994977
059 791 5328
0322 2726806
0309 1762823
0333 7336365
0334 2784249
+92 333 2039238
9203338252387
0300 8252387
0300 8267893
0345 2536020
0333 3042259
0321 8250132
03002645362 ::: 0300 2645362
03162522307 ::: 0316 2522307
923328204349
0307 2361708
+92 312 8773019
0345 5090720
923003509008
0314 2234867
03002113484 ::: 0300 2113484
923458093141
0312 8773019
0312 8773019
+92 313 0228216
03212440820 ::: 03218238777 ::: 0321 8238777
+92 346 3218352
+92 343 3459027
+92 312 2686898
3343065544
+92 315 1191365
3002670018
971557595875
+92 300 2055346
+92 301 8375417
0334 3287437
+92 342 2008388
+92 304 2756393
+92 321 2431336
3343631116
+92 323 2573644
03442688629 ::: 0344 2688629
923353831133
3342877802
0310 1154672
3323784272
+92 346 3535027
0314 2221116
0334 2813091
+92 324 2053679
923333888223
+92 333 1372228
923453264730
923422666745
0333 6684845
+92 309 5882305
+92 346 8654901
0345 6567846
+92 344 2117903
0332 3566328
+92 333 2538843
+92 323 4400775
3337035806
+92 333 9111873
+92 322 2306801
9.23018E+11
9.23332E+11
3012183570
0336 2509037
0321 8982388
03004317621 ::: +923334764116
3008242037
3212386767
+92 345 2014825
+92 313 2883092
923012099994
+92 332 3561509
+92 334 3056757
3002829793
0331 2888907
0323 2307991
3339021637
+92 317 0022211
923002174682
+92 301 8227421
+92 303 0906202
923343101340
+92 340 4856614
0331 2777212
+92 336 0248388
3452849438
3459141262
0331 2490592
0308 2723743
0346 3916558
+92 335 3964220
+92 321 3789197
+92 347 3797178
923312910308
0321 9209668
0312 3366970
0333 0376362
3353028628
+92 301 8243599
+92 333 3031799
+92 321 3897044
+92 313 2819691
0323 2407944
+44 7799 165117
0345 2270413
0345 0020631
0331 2245712
+92 333 2736736
923313504828
+92 347 2450506
0322 2312026
+92 314 2572244
3453680717
3018223853
3009225878
+92 333 3310772
0333 3787567
923332144416
+92 333 3426097
3332422533
0300 3594223
3333224466
3332543795
3353062188
0347 8355807
0308 3205213
8213
+92 304 0217937
+92 321 3827662
+92 332 3083859
+92 348 4667121
+92 347 3634837
+92 301 8225770
+92 321 2111220
3161662882
3025556219
+92 332 2221281
+92 334 2668173
+92 310 2949694
+92 310 2333533
+92 332 2406699
+92 306 2750710
+92 309 2485381
+92 334 3639226
+92 311 8444600
00923025556056 ::: 00 92 302 5556056
+92 335 3803118
+92 332 3754457
+92 300 8201156
+92 300 1566668
+92 331 2574841
923212534634
+92 333 2216135
03028265060 ::: 0302 8265060
3082227016
+92 314 2009972
923032253399
+92 335 2600060
0342 2600060
923238230660
+92 302 5550554
+92 320 1212466
+92 321 2534634
+92 321 2037229
+92 313 2816185
3342676512
+92 300 3575581
923002484464
922134869143
+92 312 0021934
00923322660723 ::: 00 92 332 2660723
+92 342 2655009
+92 304 2596470
+92 333 2093559
3322387011
0321 2271108
3472571535
+92 330 2472627
+92 345 2473990
0345 3139484
+92 333 3710380
923333666901
0304 2089701
0315 3133969
0316 6600334
0335 2062312
+92 321 2306228
+92 312 3642004
+92 341 7679089
923002394162
+92 332 3532007
+92 328 8334466
+92 321 3662288
+92 307 8323073
+92 303 2254811
+92 337 0355806
0311 2859141
0333 2445373
0321 2226822
0334 2340060
0347 3634837
0334 2340134
0345 3073554
0300 2316441
0300 0807381
0311 2412704
0300 2700263
0316 2806846
0321 7910638
0300 2631286
0307 2696954
0340 8383388
0319 2112087
0301 3319739
0334 3844608
0336 2517951
0332 3808559
0333 2344352
0333 7774540
0301 8269993
0334 2925857
0305 2440006
0323 2535741
0315 2493663
0342 2663515
0303 0122241
0334 2346234
0322 8253531
0341 2180600
0344 2424260
 0335 3819638
0324 6322028
 0321 2858998
0300 0807384
0308 8509923